40 272
0.000000 0.000000 0.000000 0.000000 0.000000 0.000000 0.460402 0.000000 0.000000 0.000000 0.000000 0.000000 0.000000 0.000000 0.205173 0.277852 0.377266 0.000000 0.000000 0.451482 0.619222 0.000000 0.274488 0.196218 0.344517 0.000000 0.000000 0.302055 0.000000 0.000000 0.000000 0.000000 0.367637 0.000000 0.519208 0.000000 0.000000 0.261746 0.000000 0.000000 
0.000000 0.000000 0.219653 0.273579 0.000000 0.000000 0.000000 0.000000 0.000000 0.000000 0.000000 0.352735 0.000000 0.000000 0.000000 0.000000 0.000000 0.572470 0.000000 0.000000 0.000000 0.000000 0.000000 0.000000 0.000000 0.228762 0.744798 0.000000 0.000000 0.308413 0.000000 0.862485 0.000000 0.395898 0.000000 0.000000 0.649196 0.000000 0.382999 0.474982 
0.000000 0.219653 0.000000 0.000000 0.558658 0.000000 0.000000 0.000000 0.000000 0.000000 0.000000 0.327071 0.000000 0.000000 0.000000 0.000000 0.000000 0.374859 0.000000 0.000000 0.000000 0.000000 0.000000 0.267920 0.000000 0.262584 0.000000 0.000000 0.771950 0.252751 0.000000 0.190635 0.000000 0.550988 0.000000 0.217990 0.255409 0.000000 0.535389 0.462445 
0.000000 0.273579 0.000000 0.000000 0.000000 0.000000 0.000000 0.000000 0.000000 0.000000 0.000000 0.536382 0.000000 0.000000 0.000000 0.000000 0.000000 0.245862 0.000000 0.000000 0.000000 0.000000 0.351980 0.316057 0.231275 0.563542 0.230062 0.313743 0.000000 0.695686 0.000000 0.251678 0.000000 0.232360 0.000000 0.473904 0.413318 0.369212 0.300844 0.264957 
0.000000 0.000000 0.558658 0.000000 0.000000 0.000000 0.000000 0.000000 0.000000 0.000000 0.000000 0.190433 0.000000 0.000000 0.000000 0.000000 0.000000 0.216335 0.000000 0.000000 0.000000 0.000000 0.000000 0.201395 0.000000 0.000000 0.000000 0.000000 0.717709 0.000000 0.000000 0.000000 0.000000 0.315536 0.000000 0.000000 0.000000 0.000000 0.299366 0.262048 
0.000000 0.000000 0.000000 0.000000 0.000000 0.000000 0.000000 0.553796 0.452887 0.849876 0.918314 0.000000 0.390950 0.442898 0.000000 0.000000 0.271745 0.000000 0.784209 0.000000 0.000000 0.465429 0.000000 0.000000 0.000000 0.000000 0.000000 0.000000 0.000000 0.000000 0.864442 0.000000 0.000000 0.000000 0.196301 0.000000 0.000000 0.000000 0.000000 0.000000 
0.460402 0.000000 0.000000 0.000000 0.000000 0.000000 0.000000 0.197351 0.241949 0.000000 0.000000 0.000000 0.256188 0.259812 0.318659 0.442339 0.399445 0.000000 0.000000 0.350583 0.715349 0.000000 0.000000 0.000000 0.248723 0.000000 0.000000 0.000000 0.000000 0.000000 0.000000 0.000000 0.729295 0.000000 0.451847 0.000000 0.000000 0.000000 0.000000 0.000000 
0.000000 0.000000 0.000000 0.000000 0.000000 0.553796 0.197351 0.000000 0.795651 0.651614 0.601650 0.000000 0.697114 0.753337 0.000000 0.000000 0.306303 0.000000 0.704715 0.000000 0.186188 0.273388 0.000000 0.000000 0.000000 0.000000 0.000000 0.000000 0.000000 0.000000 0.586626 0.000000 0.000000 0.000000 0.225059 0.000000 0.000000 0.000000 0.000000 0.000000 
0.000000 0.000000 0.000000 0.000000 0.000000 0.452887 0.241949 0.795651 0.000000 0.531652 0.489906 0.000000 0.861026 0.925274 0.000000 0.000000 0.338640 0.000000 0.570837 0.000000 0.222352 0.235242 0.000000 0.000000 0.000000 0.000000 0.000000 0.000000 0.000000 0.000000 0.491941 0.000000 0.208372 0.000000 0.254001 0.000000 0.000000 0.000000 0.000000 0.000000 
0.000000 0.000000 0.000000 0.000000 0.000000 0.849876 0.000000 0.651614 0.531652 0.000000 0.921410 0.000000 0.459371 0.518032 0.000000 0.000000 0.288775 0.000000 0.920105 0.000000 0.000000 0.405210 0.000000 0.000000 0.000000 0.000000 0.000000 0.000000 0.000000 0.000000 0.857361 0.000000 0.000000 0.000000 0.208386 0.000000 0.000000 0.000000 0.000000 0.000000 
0.000000 0.000000 0.000000 0.000000 0.000000 0.918314 0.000000 0.601650 0.489906 0.921410 0.000000 0.000000 0.423399 0.477401 0.000000 0.000000 0.276014 0.000000 0.853206 0.000000 0.000000 0.429755 0.000000 0.000000 0.000000 0.000000 0.000000 0.000000 0.000000 0.000000 0.865056 0.000000 0.000000 0.000000 0.199181 0.000000 0.000000 0.000000 0.000000 0.000000 
0.000000 0.352735 0.327071 0.536382 0.190433 0.000000 0.000000 0.000000 0.000000 0.000000 0.000000 0.000000 0.000000 0.000000 0.000000 0.000000 0.000000 0.402252 0.000000 0.000000 0.000000 0.000000 0.275672 0.390638 0.237112 0.637856 0.271459 0.239008 0.254502 0.760365 0.000000 0.309594 0.000000 0.420045 0.000000 0.468998 0.531450 0.305732 0.554704 0.462881 
0.000000 0.000000 0.000000 0.000000 0.000000 0.390950 0.256188 0.697114 0.861026 0.459371 0.423399 0.000000 0.000000 0.847358 0.000000 0.000000 0.322765 0.000000 0.494357 0.000000 0.228043 0.202940 0.000000 0.000000 0.000000 0.000000 0.000000 0.000000 0.000000 0.000000 0.423621 0.000000 0.226399 0.000000 0.246976 0.000000 0.000000 0.000000 0.000000 0.000000 
0.000000 0.000000 0.000000 0.000000 0.000000 0.442898 0.259812 0.753337 0.925274 0.518032 0.477401 0.000000 0.847358 0.000000 0.000000 0.000000 0.364587 0.000000 0.553098 0.000000 0.240004 0.237063 0.000000 0.000000 0.000000 0.000000 0.000000 0.000000 0.000000 0.000000 0.486694 0.000000 0.222169 0.000000 0.274159 0.000000 0.000000 0.000000 0.000000 0.000000 
0.205173 0.000000 0.000000 0.000000 0.000000 0.000000 0.318659 0.000000 0.000000 0.000000 0.000000 0.000000 0.000000 0.000000 0.000000 0.718315 0.000000 0.000000 0.000000 0.328882 0.249867 0.000000 0.000000 0.232928 0.275205 0.000000 0.000000 0.000000 0.000000 0.000000 0.000000 0.000000 0.427787 0.000000 0.000000 0.000000 0.000000 0.000000 0.000000 0.000000 
0.277852 0.000000 0.000000 0.000000 0.000000 0.000000 0.442339 0.000000 0.000000 0.000000 0.000000 0.000000 0.000000 0.000000 0.718315 0.000000 0.000000 0.000000 0.000000 0.394957 0.347465 0.000000 0.000000 0.230048 0.307966 0.000000 0.000000 0.000000 0.000000 0.000000 0.000000 0.000000 0.587425 0.000000 0.206737 0.000000 0.000000 0.000000 0.000000 0.000000 
0.377266 0.000000 0.000000 0.000000 0.000000 0.271745 0.399445 0.306303 0.338640 0.288775 0.276014 0.000000 0.322765 0.364587 0.000000 0.000000 0.000000 0.000000 0.287987 0.000000 0.477565 0.246720 0.000000 0.000000 0.000000 0.000000 0.000000 0.000000 0.000000 0.000000 0.314154 0.000000 0.294511 0.000000 0.721560 0.000000 0.000000 0.000000 0.000000 0.000000 
0.000000 0.572470 0.374859 0.245862 0.216335 0.000000 0.000000 0.000000 0.000000 0.000000 0.000000 0.402252 0.000000 0.000000 0.000000 0.000000 0.000000 0.000000 0.000000 0.000000 0.000000 0.000000 0.000000 0.000000 0.000000 0.258776 0.437708 0.000000 0.300541 0.317739 0.000000 0.502040 0.000000 0.680268 0.000000 0.191760 0.543064 0.000000 0.590828 0.787968 
0.000000 0.000000 0.000000 0.000000 0.000000 0.784209 0.000000 0.704715 0.570837 0.920105 0.853206 0.000000 0.494357 0.553098 0.000000 0.000000 0.287987 0.000000 0.000000 0.000000 0.000000 0.373295 0.000000 0.000000 0.000000 0.000000 0.000000 0.000000 0.000000 0.000000 0.797346 0.000000 0.000000 0.000000 0.208031 0.000000 0.000000 0.000000 0.000000 0.000000 
0.451482 0.000000 0.000000 0.000000 0.000000 0.000000 0.350583 0.000000 0.000000 0.000000 0.000000 0.000000 0.000000 0.000000 0.328882 0.394957 0.000000 0.000000 0.000000 0.000000 0.372794 0.000000 0.409612 0.417930 0.709322 0.255882 0.000000 0.411363 0.000000 0.000000 0.000000 0.000000 0.355410 0.000000 0.245762 0.340146 0.000000 0.423802 0.000000 0.000000 
0.619222 0.000000 0.000000 0.000000 0.000000 0.000000 0.715349 0.186188 0.222352 0.000000 0.000000 0.000000 0.228043 0.240004 0.249867 0.347465 0.477565 0.000000 0.000000 0.372794 0.000000 0.000000 0.000000 0.000000 0.267209 0.000000 0.000000 0.198306 0.000000 0.000000 0.000000 0.000000 0.534108 0.000000 0.592775 0.000000 0.000000 0.000000 0.000000 0.000000 
0.000000 0.000000 0.000000 0.000000 0.000000 0.465429 0.000000 0.273388 0.235242 0.405210 0.429755 0.000000 0.202940 0.237063 0.000000 0.000000 0.246720 0.000000 0.373295 0.000000 0.000000 0.000000 0.000000 0.000000 0.000000 0.000000 0.000000 0.000000 0.000000 0.000000 0.463983 0.000000 0.000000 0.000000 0.188445 0.000000 0.000000 0.000000 0.000000 0.000000 
0.274488 0.000000 0.000000 0.351980 0.000000 0.000000 0.000000 0.000000 0.000000 0.000000 0.000000 0.275672 0.000000 0.000000 0.000000 0.000000 0.000000 0.000000 0.000000 0.409612 0.000000 0.000000 0.000000 0.440957 0.526120 0.428672 0.000000 0.864745 0.000000 0.335796 0.000000 0.000000 0.000000 0.000000 0.000000 0.567856 0.000000 0.875744 0.000000 0.000000 
0.196218 0.000000 0.267920 0.316057 0.201395 0.000000 0.000000 0.000000 0.000000 0.000000 0.000000 0.390638 0.000000 0.000000 0.232928 0.230048 0.000000 0.000000 0.000000 0.417930 0.000000 0.000000 0.440957 0.000000 0.569536 0.550003 0.000000 0.390141 0.231605 0.395775 0.000000 0.000000 0.000000 0.225405 0.000000 0.639079 0.207662 0.502352 0.296693 0.222526 
0.344517 0.000000 0.000000 0.231275 0.000000 0.000000 0.248723 0.000000 0.000000 0.000000 0.000000 0.237112 0.000000 0.000000 0.275205 0.307966 0.000000 0.000000 0.000000 0.709322 0.267209 0.000000 0.526120 0.569536 0.000000 0.360616 0.000000 0.503501 0.000000 0.258902 0.000000 0.000000 0.255923 0.000000 0.000000 0.479112 0.000000 0.564125 0.000000 0.000000 
0.000000 0.228762 0.262584 0.563542 0.000000 0.000000 0.000000 0.000000 0.000000 0.000000 0.000000 0.637856 0.000000 0.000000 0.000000 0.000000 0.000000 0.258776 0.000000 0.255882 0.000000 0.000000 0.428672 0.550003 0.360616 0.000000 0.000000 0.371014 0.210576 0.713927 0.000000 0.202364 0.000000 0.286239 0.000000 0.734521 0.349976 0.478001 0.384621 0.304547 
0.000000 0.744798 0.000000 0.230062 0.000000 0.000000 0.000000 0.000000 0.000000 0.000000 0.000000 0.271459 0.000000 0.000000 0.000000 0.000000 0.000000 0.437708 0.000000 0.000000 0.000000 0.000000 0.000000 0.000000 0.000000 0.000000 0.000000 0.000000 0.000000 0.245174 0.000000 0.863526 0.000000 0.299349 0.000000 0.000000 0.509927 0.000000 0.285355 0.356983 
0.302055 0.000000 0.000000 0.313743 0.000000 0.000000 0.000000 0.000000 0.000000 0.000000 0.000000 0.239008 0.000000 0.000000 0.000000 0.000000 0.000000 0.000000 0.000000 0.411363 0.198306 0.000000 0.864745 0.390141 0.503501 0.371014 0.000000 0.000000 0.000000 0.292790 0.000000 0.000000 0.000000 0.000000 0.000000 0.491171 0.000000 0.762447 0.000000 0.000000 
0.000000 0.000000 0.771950 0.000000 0.717709 0.000000 0.000000 0.000000 0.000000 0.000000 0.000000 0.254502 0.000000 0.000000 0.000000 0.000000 0.000000 0.300541 0.000000 0.000000 0.000000 0.000000 0.000000 0.231605 0.000000 0.210576 0.000000 0.000000 0.000000 0.197725 0.000000 0.000000 0.000000 0.439278 0.000000 0.000000 0.198019 0.000000 0.413779 0.365089 
0.000000 0.308413 0.252751 0.695686 0.000000 0.000000 0.000000 0.000000 0.000000 0.000000 0.000000 0.760365 0.000000 0.000000 0.000000 0.000000 0.000000 0.317739 0.000000 0.000000 0.000000 0.000000 0.335796 0.395775 0.258902 0.713927 0.245174 0.292790 0.197725 0.000000 0.000000 0.275421 0.000000 0.320369 0.000000 0.537117 0.474907 0.366517 0.421811 0.356984 
0.000000 0.000000 0.000000 0.000000 0.000000 0.864442 0.000000 0.586626 0.491941 0.857361 0.865056 0.000000 0.423621 0.486694 0.000000 0.000000 0.314154 0.000000 0.797346 0.000000 0.000000 0.463983 0.000000 0.000000 0.000000 0.000000 0.000000 0.000000 0.000000 0.000000 0.000000 0.000000 0.000000 0.000000 0.226873 0.000000 0.000000 0.000000 0.000000 0.000000 
0.000000 0.862485 0.190635 0.251678 0.000000 0.000000 0.000000 0.000000 0.000000 0.000000 0.000000 0.309594 0.000000 0.000000 0.000000 0.000000 0.000000 0.502040 0.000000 0.000000 0.000000 0.000000 0.000000 0.000000 0.000000 0.202364 0.863526 0.000000 0.000000 0.275421 0.000000 0.000000 0.000000 0.344623 0.000000 0.000000 0.578172 0.000000 0.330430 0.412039 
0.367637 0.000000 0.000000 0.000000 0.000000 0.000000 0.729295 0.000000 0.208372 0.000000 0.000000 0.000000 0.226399 0.222169 0.427787 0.587425 0.294511 0.000000 0.000000 0.355410 0.534108 0.000000 0.000000 0.000000 0.255923 0.000000 0.000000 0.000000 0.000000 0.000000 0.000000 0.000000 0.000000 0.000000 0.329624 0.000000 0.000000 0.000000 0.000000 0.000000 
0.000000 0.395898 0.550988 0.232360 0.315536 0.000000 0.000000 0.000000 0.000000 0.000000 0.000000 0.420045 0.000000 0.000000 0.000000 0.000000 0.000000 0.680268 0.000000 0.000000 0.000000 0.000000 0.000000 0.225405 0.000000 0.286239 0.299349 0.000000 0.439278 0.320369 0.000000 0.344623 0.000000 0.000000 0.000000 0.218226 0.427909 0.000000 0.743673 0.824873 
0.519208 0.000000 0.000000 0.000000 0.000000 0.196301 0.451847 0.225059 0.254001 0.208386 0.199181 0.000000 0.246976 0.274159 0.000000 0.206737 0.721560 0.000000 0.208031 0.245762 0.592775 0.188445 0.000000 0.000000 0.000000 0.000000 0.000000 0.000000 0.000000 0.000000 0.226873 0.000000 0.329624 0.000000 0.000000 0.000000 0.000000 0.000000 0.000000 0.000000 
0.000000 0.000000 0.217990 0.473904 0.000000 0.000000 0.000000 0.000000 0.000000 0.000000 0.000000 0.468998 0.000000 0.000000 0.000000 0.000000 0.000000 0.191760 0.000000 0.340146 0.000000 0.000000 0.567856 0.639079 0.479112 0.734521 0.000000 0.491171 0.000000 0.537117 0.000000 0.000000 0.000000 0.218226 0.000000 0.000000 0.258101 0.640658 0.293332 0.228153 
0.000000 0.649196 0.255409 0.413318 0.000000 0.000000 0.000000 0.000000 0.000000 0.000000 0.000000 0.531450 0.000000 0.000000 0.000000 0.000000 0.000000 0.543064 0.000000 0.000000 0.000000 0.000000 0.000000 0.207662 0.000000 0.349976 0.509927 0.000000 0.198019 0.474907 0.000000 0.578172 0.000000 0.427909 0.000000 0.258101 0.000000 0.000000 0.475018 0.516466 
0.261746 0.000000 0.000000 0.369212 0.000000 0.000000 0.000000 0.000000 0.000000 0.000000 0.000000 0.305732 0.000000 0.000000 0.000000 0.000000 0.000000 0.000000 0.000000 0.423802 0.000000 0.000000 0.875744 0.502352 0.564125 0.478001 0.000000 0.762447 0.000000 0.366517 0.000000 0.000000 0.000000 0.000000 0.000000 0.640658 0.000000 0.000000 0.187937 0.000000 
0.000000 0.382999 0.535389 0.300844 0.299366 0.000000 0.000000 0.000000 0.000000 0.000000 0.000000 0.554704 0.000000 0.000000 0.000000 0.000000 0.000000 0.590828 0.000000 0.000000 0.000000 0.000000 0.000000 0.296693 0.000000 0.384621 0.285355 0.000000 0.413779 0.421811 0.000000 0.330430 0.000000 0.743673 0.000000 0.293332 0.475018 0.187937 0.000000 0.744982 
0.000000 0.474982 0.462445 0.264957 0.262048 0.000000 0.000000 0.000000 0.000000 0.000000 0.000000 0.462881 0.000000 0.000000 0.000000 0.000000 0.000000 0.787968 0.000000 0.000000 0.000000 0.000000 0.000000 0.222526 0.000000 0.304547 0.356983 0.000000 0.365089 0.356984 0.000000 0.412039 0.000000 0.824873 0.000000 0.228153 0.516466 0.000000 0.744982 0.000000 
