40 
0.000000 0.830608 0.346670 0.060526 0.124521 0.174089 0.245987 0.204128 0.302466 0.326280 0.460031 0.472407 0.415199 0.597954 0.011110 0.164449 0.532307 0.419471 0.173612 0.016944 0.252736 0.302992 0.125737 0.308110 0.398092 0.433200 0.124189 0.437125 0.018858 0.358240 0.191408 0.215857 0.474821 0.338312 0.066863 0.327114 0.891121 0.388643 0.011052 0.177182 
0.830608 0.000000 0.409939 0.068781 0.146037 0.162681 0.269727 0.204912 0.363579 0.339590 0.523526 0.525684 0.344946 0.496738 0.013209 0.159489 0.454625 0.367168 0.163900 0.019712 0.291425 0.297213 0.149992 0.287988 0.408000 0.520452 0.116886 0.510226 0.022517 0.392144 0.230198 0.259758 0.527864 0.387145 0.080162 0.382328 0.741427 0.467863 0.013150 0.168492 
0.346670 0.409939 0.000000 0.155033 0.354545 0.075922 0.200884 0.113807 0.706609 0.197768 0.673307 0.335427 0.151370 0.211926 0.032007 0.081595 0.186369 0.152202 0.078257 0.047508 0.284653 0.149746 0.358644 0.131250 0.219292 0.712856 0.056036 0.420146 0.053916 0.263856 0.410972 0.467567 0.601763 0.731111 0.186435 0.865384 0.315064 0.642113 0.031821 0.081759 
0.060526 0.068781 0.155033 0.000000 0.377357 0.011798 0.033853 0.017900 0.134463 0.031011 0.131160 0.052242 0.031639 0.040633 0.104102 0.012693 0.032427 0.025415 0.012137 0.243148 0.052036 0.023217 0.254460 0.020538 0.034027 0.110778 0.008688 0.066563 0.134742 0.042021 0.113222 0.118169 0.127150 0.177639 0.205744 0.173988 0.056805 0.104137 0.101303 0.012675 
0.124521 0.146037 0.354545 0.377357 0.000000 0.027870 0.087443 0.044699 0.338815 0.076702 0.264417 0.126670 0.057089 0.077869 0.085304 0.031169 0.066490 0.053975 0.028992 0.133772 0.136165 0.055787 0.643344 0.047420 0.082033 0.260901 0.020905 0.164124 0.136450 0.105152 0.299954 0.312697 0.245574 0.354808 0.383037 0.380605 0.114141 0.255814 0.084368 0.030478 
0.174089 0.162681 0.075922 0.011798 0.027870 0.000000 0.244367 0.502885 0.081532 0.345100 0.086449 0.219500 0.176504 0.195238 0.003124 0.686620 0.276073 0.364695 0.901203 0.003782 0.157983 0.496216 0.033133 0.564395 0.338517 0.105728 0.708979 0.168189 0.005609 0.250151 0.069987 0.074044 0.085974 0.065100 0.020376 0.067799 0.175570 0.108816 0.003141 0.837182 
0.245987 0.269727 0.200884 0.033853 0.087443 0.244367 0.000000 0.467600 0.250795 0.638483 0.184447 0.512557 0.128907 0.178853 0.012073 0.315525 0.221241 0.236013 0.264700 0.012942 0.623323 0.450038 0.114867 0.327866 0.538373 0.276068 0.203177 0.465537 0.021893 0.686470 0.262566 0.267975 0.172052 0.153909 0.077750 0.174226 0.226037 0.312458 0.012180 0.284120 
0.204128 0.204912 0.113807 0.017900 0.044699 0.502885 0.467600 0.000000 0.131728 0.575347 0.117533 0.338205 0.147240 0.185240 0.005667 0.674770 0.254125 0.310065 0.551951 0.006315 0.293847 0.656356 0.056256 0.517020 0.499811 0.159596 0.434305 0.268887 0.010260 0.424912 0.125214 0.129811 0.113337 0.091973 0.036678 0.099852 0.196609 0.171885 0.005713 0.595124 
0.302466 0.363579 0.706609 0.134463 0.338815 0.081532 0.250795 0.131728 0.000000 0.226383 0.496410 0.371437 0.126552 0.181035 0.035040 0.091992 0.169771 0.144471 0.085143 0.046384 0.374874 0.163816 0.397134 0.136593 0.240740 0.698043 0.061554 0.483637 0.060776 0.310009 0.575510 0.656466 0.442104 0.518113 0.219321 0.623018 0.271146 0.744551 0.034989 0.089672 
0.326280 0.339590 0.197768 0.031011 0.076702 0.345100 0.638483 0.575347 0.226383 0.000000 0.202344 0.587492 0.192867 0.260770 0.009051 0.406289 0.335126 0.367359 0.366767 0.010651 0.449471 0.682311 0.094430 0.506689 0.810831 0.277366 0.269177 0.465572 0.016253 0.722858 0.202781 0.213946 0.193786 0.159505 0.059027 0.173549 0.306892 0.297417 0.009101 0.389497 
0.460031 0.523526 0.673307 0.131160 0.264417 0.086449 0.184447 0.117533 0.496410 0.202344 0.000000 0.341332 0.215168 0.294284 0.022834 0.087733 0.245165 0.193660 0.087758 0.036635 0.238759 0.163698 0.247740 0.152466 0.234151 0.629466 0.062559 0.395715 0.037775 0.256767 0.285794 0.326113 0.890550 0.735226 0.127453 0.682757 0.427193 0.527390 0.022645 0.090762 
0.472407 0.525684 0.335427 0.052242 0.126670 0.219500 0.512557 0.338205 0.371437 0.587492 0.341332 0.000000 0.222691 0.318750 0.013628 0.242954 0.359695 0.341151 0.228866 0.017229 0.518034 0.440408 0.149833 0.363795 0.647604 0.470520 0.164897 0.762511 0.024131 0.741645 0.295868 0.321584 0.323859 0.271363 0.088345 0.295021 0.429312 0.495161 0.013657 0.240521 
0.415199 0.344946 0.151370 0.031639 0.057089 0.176504 0.128907 0.147240 0.126552 0.192867 0.215168 0.222691 0.000000 0.690040 0.004914 0.140963 0.572945 0.468684 0.167423 0.008204 0.115361 0.222648 0.054288 0.276162 0.236313 0.181222 0.126788 0.190057 0.008176 0.181593 0.079522 0.089627 0.232419 0.160823 0.028390 0.147474 0.465102 0.161392 0.004874 0.164517 
0.597954 0.496738 0.211926 0.040633 0.077869 0.195238 0.178853 0.185240 0.181035 0.260770 0.294284 0.318750 0.690040 0.000000 0.006796 0.166022 0.706980 0.533771 0.188870 0.010864 0.165293 0.282223 0.076202 0.328471 0.321295 0.259342 0.138580 0.274945 0.011433 0.255294 0.114942 0.129390 0.313303 0.217587 0.040200 0.203634 0.667571 0.232597 0.006752 0.188439 
0.011110 0.013209 0.032007 0.104102 0.085304 0.003124 0.012073 0.005667 0.035040 0.009051 0.022834 0.013628 0.004914 0.006796 0.000000 0.003831 0.006031 0.005064 0.003325 0.326388 0.019284 0.006257 0.087758 0.004966 0.009031 0.024971 0.002479 0.017859 0.546981 0.012483 0.044632 0.042013 0.021049 0.030360 0.153283 0.033291 0.010084 0.026178 0.956283 0.003543 
0.164449 0.159489 0.081595 0.012693 0.031169 0.686620 0.315525 0.674770 0.091992 0.406289 0.087733 0.242954 0.140963 0.166022 0.003831 0.000000 0.233532 0.300161 0.761757 0.004341 0.198566 0.535411 0.038594 0.505087 0.371248 0.114408 0.643237 0.189603 0.006931 0.295068 0.084996 0.088511 0.085723 0.067422 0.024837 0.072022 0.161923 0.121198 0.003861 0.814940 
0.532307 0.454625 0.186369 0.032427 0.066490 0.276073 0.221241 0.254125 0.169771 0.335126 0.245165 0.359695 0.572945 0.706980 0.006031 0.233532 0.000000 0.751290 0.267122 0.009021 0.188343 0.386032 0.068666 0.462358 0.408989 0.240936 0.195901 0.292671 0.010348 0.306083 0.114786 0.127770 0.255019 0.180255 0.037241 0.174491 0.570726 0.224174 0.006008 0.266270 
0.419471 0.367168 0.152202 0.025415 0.053975 0.364695 0.236013 0.310065 0.144471 0.367359 0.193660 0.341151 0.468684 0.533771 0.005064 0.300161 0.751290 0.000000 0.350588 0.007253 0.185936 0.462139 0.057625 0.589048 0.436312 0.202062 0.259190 0.267771 0.008795 0.311180 0.102817 0.113296 0.199182 0.142638 0.031982 0.140602 0.441012 0.192896 0.005055 0.347285 
0.173612 0.163900 0.078257 0.012137 0.028992 0.901203 0.264700 0.551951 0.085143 0.366767 0.087758 0.228866 0.167423 0.188870 0.003325 0.761757 0.267122 0.350588 0.000000 0.003957 0.169806 0.519648 0.034844 0.562267 0.353404 0.109265 0.712808 0.175969 0.005984 0.265269 0.074466 0.078473 0.086850 0.066414 0.021673 0.069650 0.173894 0.113327 0.003345 0.926507 
0.016944 0.019712 0.047508 0.243148 0.133772 0.003782 0.012942 0.006315 0.046384 0.010651 0.036635 0.017229 0.008204 0.010864 0.326388 0.004341 0.009021 0.007253 0.003957 0.000000 0.020674 0.007607 0.112231 0.006372 0.011172 0.034939 0.002872 0.022477 0.285886 0.014704 0.048996 0.048280 0.034671 0.049770 0.149343 0.051555 0.015653 0.034688 0.313147 0.004175 
0.252736 0.291425 0.284653 0.052036 0.136165 0.157983 0.623323 0.293847 0.374874 0.449471 0.238759 0.518034 0.115361 0.165293 0.019284 0.198566 0.188343 0.185936 0.169806 0.020674 0.000000 0.306710 0.182679 0.229774 0.413647 0.374881 0.128235 0.568171 0.034905 0.592646 0.420872 0.426517 0.218088 0.211849 0.124592 0.246363 0.227448 0.439402 0.019442 0.181648 
0.302992 0.297213 0.149746 0.023217 0.055787 0.496216 0.450038 0.656356 0.163816 0.682311 0.163698 0.440408 0.222648 0.282223 0.006257 0.535411 0.386032 0.462139 0.519648 0.007607 0.306710 0.000000 0.066769 0.723787 0.680045 0.209481 0.373843 0.338433 0.011202 0.500335 0.139961 0.148738 0.160107 0.125301 0.040817 0.132798 0.294862 0.218073 0.006286 0.545545 
0.125737 0.149992 0.358644 0.254460 0.643344 0.033133 0.114867 0.056256 0.397134 0.094430 0.247740 0.149833 0.054288 0.076202 0.087758 0.038594 0.068666 0.057625 0.034844 0.112231 0.182679 0.066769 0.000000 0.054636 0.097698 0.284541 0.025420 0.196331 0.149956 0.130536 0.426464 0.428260 0.224688 0.316266 0.510867 0.362453 0.113685 0.295833 0.087485 0.036865 
0.308110 0.287988 0.131250 0.020538 0.047420 0.564395 0.327866 0.517020 0.136593 0.506689 0.152466 0.363795 0.276162 0.328471 0.004966 0.505087 0.462358 0.589048 0.562267 0.006372 0.229774 0.723787 0.054636 0.000000 0.545595 0.181501 0.403022 0.277401 0.008821 0.383614 0.109580 0.117870 0.152097 0.114319 0.032276 0.117936 0.309270 0.183231 0.004979 0.568903 
0.398092 0.408000 0.219292 0.034027 0.082033 0.338517 0.538373 0.499811 0.240740 0.810831 0.234151 0.647604 0.236313 0.321295 0.009031 0.371248 0.408989 0.436312 0.353404 0.011172 0.413647 0.680045 0.097698 0.545595 0.000000 0.307161 0.254435 0.496823 0.016095 0.697457 0.200532 0.214904 0.226573 0.181343 0.058829 0.193912 0.376464 0.320670 0.009063 0.371221 
0.433200 0.520452 0.712856 0.110778 0.260901 0.105728 0.276068 0.159596 0.698043 0.277366 0.629466 0.470520 0.181222 0.259342 0.024971 0.114408 0.240936 0.202062 0.109265 0.034939 0.374881 0.209481 0.284541 0.181501 0.307161 0.000000 0.078334 0.586110 0.042947 0.368625 0.422454 0.480875 0.567373 0.557272 0.153853 0.624532 0.388437 0.836497 0.024897 0.114310 
0.124189 0.116886 0.056036 0.008688 0.020905 0.708979 0.203177 0.434305 0.061554 0.269177 0.062559 0.164897 0.126788 0.138580 0.002479 0.643237 0.195901 0.259190 0.712808 0.002872 0.128235 0.373843 0.025420 0.403022 0.254435 0.078334 0.000000 0.127270 0.004478 0.194646 0.055248 0.057820 0.061913 0.047378 0.016108 0.049797 0.124833 0.081694 0.002497 0.685255 
0.437125 0.510226 0.420146 0.066563 0.164124 0.168189 0.465537 0.268887 0.483637 0.465572 0.395715 0.762511 0.190057 0.274945 0.017859 0.189603 0.292671 0.267771 0.175969 0.022477 0.568171 0.338433 0.196331 0.277401 0.496823 0.586110 0.127270 0.000000 0.031579 0.627966 0.383331 0.419376 0.367302 0.328571 0.115606 0.366381 0.391328 0.638820 0.017893 0.185407 
0.018858 0.022517 0.053916 0.134742 0.136450 0.005609 0.021893 0.010260 0.060776 0.016253 0.037775 0.024131 0.008176 0.011433 0.546981 0.006931 0.010348 0.008795 0.005984 0.285886 0.034905 0.011202 0.149956 0.008821 0.016095 0.042947 0.004478 0.031579 0.000000 0.022377 0.080033 0.074835 0.034563 0.049566 0.273145 0.055295 0.017048 0.045596 0.554756 0.006382 
0.358240 0.392144 0.263856 0.042021 0.105152 0.250151 0.686470 0.424912 0.310009 0.722858 0.256767 0.741645 0.181593 0.255294 0.012483 0.295068 0.306083 0.311180 0.265269 0.014704 0.592646 0.500335 0.130536 0.383614 0.697457 0.368625 0.194646 0.627966 0.022377 0.000000 0.279547 0.295794 0.242042 0.207964 0.081434 0.230260 0.328654 0.403171 0.012546 0.281564 
0.191408 0.230198 0.410972 0.113222 0.299954 0.069987 0.262566 0.125214 0.575510 0.202781 0.285794 0.295868 0.079522 0.114942 0.044632 0.084996 0.114786 0.102817 0.074466 0.048996 0.420872 0.139961 0.426464 0.109580 0.200532 0.422454 0.055248 0.383331 0.080033 0.279547 0.000000 0.876175 0.254556 0.305548 0.291050 0.369657 0.170695 0.489526 0.044874 0.079276 
0.215857 0.259758 0.467567 0.118169 0.312697 0.074044 0.267975 0.129811 0.656466 0.213946 0.326113 0.321584 0.089627 0.129390 0.042013 0.088511 0.127770 0.113296 0.078473 0.048280 0.426517 0.148738 0.428260 0.117870 0.214904 0.480875 0.057820 0.419376 0.074835 0.295794 0.876175 0.000000 0.290479 0.346409 0.273728 0.418908 0.192593 0.554333 0.042171 0.083361 
0.474821 0.527864 0.601763 0.127150 0.245574 0.085974 0.172052 0.113337 0.442104 0.193786 0.890550 0.323859 0.232419 0.313303 0.021049 0.085723 0.255019 0.199182 0.086850 0.034671 0.218088 0.160107 0.224688 0.152097 0.226573 0.567373 0.061913 0.367302 0.034563 0.242042 0.254556 0.290479 0.000000 0.691949 0.115255 0.619559 0.446634 0.474711 0.020854 0.089528 
0.338312 0.387145 0.731111 0.177639 0.354808 0.065100 0.153909 0.091973 0.518113 0.159505 0.735226 0.271363 0.160823 0.217587 0.030360 0.067422 0.180255 0.142638 0.066414 0.049770 0.211849 0.125301 0.316266 0.114319 0.181343 0.557272 0.047378 0.328571 0.049566 0.207964 0.305548 0.346409 0.691949 0.000000 0.161598 0.826477 0.314215 0.482068 0.030065 0.068931 
0.066863 0.080162 0.186435 0.205744 0.383037 0.020376 0.077750 0.036678 0.219321 0.059027 0.127453 0.088345 0.028390 0.040200 0.153283 0.024837 0.037241 0.031982 0.021673 0.149343 0.124592 0.040817 0.510867 0.032276 0.058829 0.153853 0.016108 0.115606 0.273145 0.081434 0.291050 0.273728 0.115255 0.161598 0.000000 0.186027 0.060170 0.165529 0.153989 0.023078 
0.327114 0.382328 0.865384 0.173988 0.380605 0.067799 0.174226 0.099852 0.623018 0.173549 0.682757 0.295021 0.147474 0.203634 0.033291 0.072022 0.174491 0.140602 0.069650 0.051555 0.246363 0.132798 0.362453 0.117936 0.193912 0.624532 0.049797 0.366381 0.055295 0.230260 0.369657 0.418908 0.619559 0.826477 0.186027 0.000000 0.299765 0.556101 0.033038 0.072617 
0.891121 0.741427 0.315064 0.056805 0.114141 0.175570 0.226037 0.196609 0.271146 0.306892 0.427193 0.429312 0.465102 0.667571 0.010084 0.161923 0.570726 0.441012 0.173894 0.015653 0.227448 0.294862 0.113685 0.309270 0.376464 0.388437 0.124833 0.391328 0.017048 0.328654 0.170695 0.192593 0.446634 0.314215 0.060170 0.299765 0.000000 0.346981 0.010026 0.176600 
0.388643 0.467863 0.642113 0.104137 0.255814 0.108816 0.312458 0.171885 0.744551 0.297417 0.527390 0.495161 0.161392 0.232597 0.026178 0.121198 0.224174 0.192896 0.113327 0.034688 0.439402 0.218073 0.295833 0.183231 0.320670 0.836497 0.081694 0.638820 0.045596 0.403171 0.489526 0.554333 0.474711 0.482068 0.165529 0.556101 0.346981 0.000000 0.026156 0.119129 
0.011052 0.013150 0.031821 0.101303 0.084368 0.003141 0.012180 0.005713 0.034989 0.009101 0.022645 0.013657 0.004874 0.006752 0.956283 0.003861 0.006008 0.005055 0.003345 0.313147 0.019442 0.006286 0.087485 0.004979 0.009063 0.024897 0.002497 0.017893 0.554756 0.012546 0.044874 0.042171 0.020854 0.030065 0.153989 0.033038 0.010026 0.026156 0.000000 0.003565 
0.177182 0.168492 0.081759 0.012675 0.030478 0.837182 0.284120 0.595124 0.089672 0.389497 0.090762 0.240521 0.164517 0.188439 0.003543 0.814940 0.266270 0.347285 0.926507 0.004175 0.181648 0.545545 0.036865 0.568903 0.371221 0.114310 0.685255 0.185407 0.006382 0.281564 0.079276 0.083361 0.089528 0.068931 0.023078 0.072617 0.176600 0.119129 0.003565 0.000000 
