40 381
0.000000 0.830608 0.346670 0.000000 0.000000 0.000000 0.245987 0.204128 0.302466 0.326280 0.460031 0.472407 0.415199 0.597954 0.000000 0.000000 0.532307 0.419471 0.000000 0.000000 0.252736 0.302992 0.000000 0.308110 0.398092 0.433200 0.000000 0.437125 0.000000 0.358240 0.191408 0.215857 0.474821 0.338312 0.000000 0.327114 0.891121 0.388643 0.000000 0.000000 
0.830608 0.000000 0.409939 0.000000 0.000000 0.000000 0.269727 0.204912 0.363579 0.339590 0.523526 0.525684 0.344946 0.496738 0.000000 0.000000 0.454625 0.367168 0.000000 0.000000 0.291425 0.297213 0.000000 0.287988 0.408000 0.520452 0.000000 0.510226 0.000000 0.392144 0.230198 0.259758 0.527864 0.387145 0.000000 0.382328 0.741427 0.467863 0.000000 0.000000 
0.346670 0.409939 0.000000 0.000000 0.354545 0.000000 0.200884 0.000000 0.706609 0.197768 0.673307 0.335427 0.000000 0.211926 0.000000 0.000000 0.000000 0.000000 0.000000 0.000000 0.284653 0.000000 0.358644 0.000000 0.219292 0.712856 0.000000 0.420146 0.000000 0.263856 0.410972 0.467567 0.601763 0.731111 0.000000 0.865384 0.315064 0.642113 0.000000 0.000000 
0.000000 0.000000 0.000000 0.000000 0.377357 0.000000 0.000000 0.000000 0.000000 0.000000 0.000000 0.000000 0.000000 0.000000 0.000000 0.000000 0.000000 0.000000 0.000000 0.243148 0.000000 0.000000 0.254460 0.000000 0.000000 0.000000 0.000000 0.000000 0.000000 0.000000 0.000000 0.000000 0.000000 0.000000 0.205744 0.000000 0.000000 0.000000 0.000000 0.000000 
0.000000 0.000000 0.354545 0.377357 0.000000 0.000000 0.000000 0.000000 0.338815 0.000000 0.264417 0.000000 0.000000 0.000000 0.000000 0.000000 0.000000 0.000000 0.000000 0.000000 0.000000 0.000000 0.643344 0.000000 0.000000 0.260901 0.000000 0.000000 0.000000 0.000000 0.299954 0.312697 0.245574 0.354808 0.383037 0.380605 0.000000 0.255814 0.000000 0.000000 
0.000000 0.000000 0.000000 0.000000 0.000000 0.000000 0.244367 0.502885 0.000000 0.345100 0.000000 0.219500 0.000000 0.195238 0.000000 0.686620 0.276073 0.364695 0.901203 0.000000 0.000000 0.496216 0.000000 0.564395 0.338517 0.000000 0.708979 0.000000 0.000000 0.250151 0.000000 0.000000 0.000000 0.000000 0.000000 0.000000 0.000000 0.000000 0.000000 0.837182 
0.245987 0.269727 0.200884 0.000000 0.000000 0.244367 0.000000 0.467600 0.250795 0.638483 0.000000 0.512557 0.000000 0.000000 0.000000 0.315525 0.221241 0.236013 0.264700 0.000000 0.623323 0.450038 0.000000 0.327866 0.538373 0.276068 0.203177 0.465537 0.000000 0.686470 0.262566 0.267975 0.000000 0.000000 0.000000 0.000000 0.226037 0.312458 0.000000 0.284120 
0.204128 0.204912 0.000000 0.000000 0.000000 0.502885 0.467600 0.000000 0.000000 0.575347 0.000000 0.338205 0.000000 0.000000 0.000000 0.674770 0.254125 0.310065 0.551951 0.000000 0.293847 0.656356 0.000000 0.517020 0.499811 0.000000 0.434305 0.268887 0.000000 0.424912 0.000000 0.000000 0.000000 0.000000 0.000000 0.000000 0.196609 0.000000 0.000000 0.595124 
0.302466 0.363579 0.706609 0.000000 0.338815 0.000000 0.250795 0.000000 0.000000 0.226383 0.496410 0.371437 0.000000 0.000000 0.000000 0.000000 0.000000 0.000000 0.000000 0.000000 0.374874 0.000000 0.397134 0.000000 0.240740 0.698043 0.000000 0.483637 0.000000 0.310009 0.575510 0.656466 0.442104 0.518113 0.219321 0.623018 0.271146 0.744551 0.000000 0.000000 
0.326280 0.339590 0.197768 0.000000 0.000000 0.345100 0.638483 0.575347 0.226383 0.000000 0.202344 0.587492 0.192867 0.260770 0.000000 0.406289 0.335126 0.367359 0.366767 0.000000 0.449471 0.682311 0.000000 0.506689 0.810831 0.277366 0.269177 0.465572 0.000000 0.722858 0.202781 0.213946 0.193786 0.000000 0.000000 0.000000 0.306892 0.297417 0.000000 0.389497 
0.460031 0.523526 0.673307 0.000000 0.264417 0.000000 0.000000 0.000000 0.496410 0.202344 0.000000 0.341332 0.215168 0.294284 0.000000 0.000000 0.245165 0.193660 0.000000 0.000000 0.238759 0.000000 0.247740 0.000000 0.234151 0.629466 0.000000 0.395715 0.000000 0.256767 0.285794 0.326113 0.890550 0.735226 0.000000 0.682757 0.427193 0.527390 0.000000 0.000000 
0.472407 0.525684 0.335427 0.000000 0.000000 0.219500 0.512557 0.338205 0.371437 0.587492 0.341332 0.000000 0.222691 0.318750 0.000000 0.242954 0.359695 0.341151 0.228866 0.000000 0.518034 0.440408 0.000000 0.363795 0.647604 0.470520 0.000000 0.762511 0.000000 0.741645 0.295868 0.321584 0.323859 0.271363 0.000000 0.295021 0.429312 0.495161 0.000000 0.240521 
0.415199 0.344946 0.000000 0.000000 0.000000 0.000000 0.000000 0.000000 0.000000 0.192867 0.215168 0.222691 0.000000 0.690040 0.000000 0.000000 0.572945 0.468684 0.000000 0.000000 0.000000 0.222648 0.000000 0.276162 0.236313 0.000000 0.000000 0.000000 0.000000 0.000000 0.000000 0.000000 0.232419 0.000000 0.000000 0.000000 0.465102 0.000000 0.000000 0.000000 
0.597954 0.496738 0.211926 0.000000 0.000000 0.195238 0.000000 0.000000 0.000000 0.260770 0.294284 0.318750 0.690040 0.000000 0.000000 0.000000 0.706980 0.533771 0.000000 0.000000 0.000000 0.282223 0.000000 0.328471 0.321295 0.259342 0.000000 0.274945 0.000000 0.255294 0.000000 0.000000 0.313303 0.217587 0.000000 0.203634 0.667571 0.232597 0.000000 0.000000 
0.000000 0.000000 0.000000 0.000000 0.000000 0.000000 0.000000 0.000000 0.000000 0.000000 0.000000 0.000000 0.000000 0.000000 0.000000 0.000000 0.000000 0.000000 0.000000 0.326388 0.000000 0.000000 0.000000 0.000000 0.000000 0.000000 0.000000 0.000000 0.546981 0.000000 0.000000 0.000000 0.000000 0.000000 0.000000 0.000000 0.000000 0.000000 0.956283 0.000000 
0.000000 0.000000 0.000000 0.000000 0.000000 0.686620 0.315525 0.674770 0.000000 0.406289 0.000000 0.242954 0.000000 0.000000 0.000000 0.000000 0.233532 0.300161 0.761757 0.000000 0.198566 0.535411 0.000000 0.505087 0.371248 0.000000 0.643237 0.000000 0.000000 0.295068 0.000000 0.000000 0.000000 0.000000 0.000000 0.000000 0.000000 0.000000 0.000000 0.814940 
0.532307 0.454625 0.000000 0.000000 0.000000 0.276073 0.221241 0.254125 0.000000 0.335126 0.245165 0.359695 0.572945 0.706980 0.000000 0.233532 0.000000 0.751290 0.267122 0.000000 0.000000 0.386032 0.000000 0.462358 0.408989 0.240936 0.195901 0.292671 0.000000 0.306083 0.000000 0.000000 0.255019 0.000000 0.000000 0.000000 0.570726 0.224174 0.000000 0.266270 
0.419471 0.367168 0.000000 0.000000 0.000000 0.364695 0.236013 0.310065 0.000000 0.367359 0.193660 0.341151 0.468684 0.533771 0.000000 0.300161 0.751290 0.000000 0.350588 0.000000 0.000000 0.462139 0.000000 0.589048 0.436312 0.202062 0.259190 0.267771 0.000000 0.311180 0.000000 0.000000 0.199182 0.000000 0.000000 0.000000 0.441012 0.192896 0.000000 0.347285 
0.000000 0.000000 0.000000 0.000000 0.000000 0.901203 0.264700 0.551951 0.000000 0.366767 0.000000 0.228866 0.000000 0.000000 0.000000 0.761757 0.267122 0.350588 0.000000 0.000000 0.000000 0.519648 0.000000 0.562267 0.353404 0.000000 0.712808 0.000000 0.000000 0.265269 0.000000 0.000000 0.000000 0.000000 0.000000 0.000000 0.000000 0.000000 0.000000 0.926507 
0.000000 0.000000 0.000000 0.243148 0.000000 0.000000 0.000000 0.000000 0.000000 0.000000 0.000000 0.000000 0.000000 0.000000 0.326388 0.000000 0.000000 0.000000 0.000000 0.000000 0.000000 0.000000 0.000000 0.000000 0.000000 0.000000 0.000000 0.000000 0.285886 0.000000 0.000000 0.000000 0.000000 0.000000 0.000000 0.000000 0.000000 0.000000 0.313147 0.000000 
0.252736 0.291425 0.284653 0.000000 0.000000 0.000000 0.623323 0.293847 0.374874 0.449471 0.238759 0.518034 0.000000 0.000000 0.000000 0.198566 0.000000 0.000000 0.000000 0.000000 0.000000 0.306710 0.000000 0.229774 0.413647 0.374881 0.000000 0.568171 0.000000 0.592646 0.420872 0.426517 0.218088 0.211849 0.000000 0.246363 0.227448 0.439402 0.000000 0.000000 
0.302992 0.297213 0.000000 0.000000 0.000000 0.496216 0.450038 0.656356 0.000000 0.682311 0.000000 0.440408 0.222648 0.282223 0.000000 0.535411 0.386032 0.462139 0.519648 0.000000 0.306710 0.000000 0.000000 0.723787 0.680045 0.209481 0.373843 0.338433 0.000000 0.500335 0.000000 0.000000 0.000000 0.000000 0.000000 0.000000 0.294862 0.218073 0.000000 0.545545 
0.000000 0.000000 0.358644 0.254460 0.643344 0.000000 0.000000 0.000000 0.397134 0.000000 0.247740 0.000000 0.000000 0.000000 0.000000 0.000000 0.000000 0.000000 0.000000 0.000000 0.000000 0.000000 0.000000 0.000000 0.000000 0.284541 0.000000 0.196331 0.000000 0.000000 0.426464 0.428260 0.224688 0.316266 0.510867 0.362453 0.000000 0.295833 0.000000 0.000000 
0.308110 0.287988 0.000000 0.000000 0.000000 0.564395 0.327866 0.517020 0.000000 0.506689 0.000000 0.363795 0.276162 0.328471 0.000000 0.505087 0.462358 0.589048 0.562267 0.000000 0.229774 0.723787 0.000000 0.000000 0.545595 0.000000 0.403022 0.277401 0.000000 0.383614 0.000000 0.000000 0.000000 0.000000 0.000000 0.000000 0.309270 0.000000 0.000000 0.568903 
0.398092 0.408000 0.219292 0.000000 0.000000 0.338517 0.538373 0.499811 0.240740 0.810831 0.234151 0.647604 0.236313 0.321295 0.000000 0.371248 0.408989 0.436312 0.353404 0.000000 0.413647 0.680045 0.000000 0.545595 0.000000 0.307161 0.254435 0.496823 0.000000 0.697457 0.200532 0.214904 0.226573 0.000000 0.000000 0.193912 0.376464 0.320670 0.000000 0.371221 
0.433200 0.520452 0.712856 0.000000 0.260901 0.000000 0.276068 0.000000 0.698043 0.277366 0.629466 0.470520 0.000000 0.259342 0.000000 0.000000 0.240936 0.202062 0.000000 0.000000 0.374881 0.209481 0.284541 0.000000 0.307161 0.000000 0.000000 0.586110 0.000000 0.368625 0.422454 0.480875 0.567373 0.557272 0.000000 0.624532 0.388437 0.836497 0.000000 0.000000 
0.000000 0.000000 0.000000 0.000000 0.000000 0.708979 0.203177 0.434305 0.000000 0.269177 0.000000 0.000000 0.000000 0.000000 0.000000 0.643237 0.195901 0.259190 0.712808 0.000000 0.000000 0.373843 0.000000 0.403022 0.254435 0.000000 0.000000 0.000000 0.000000 0.194646 0.000000 0.000000 0.000000 0.000000 0.000000 0.000000 0.000000 0.000000 0.000000 0.685255 
0.437125 0.510226 0.420146 0.000000 0.000000 0.000000 0.465537 0.268887 0.483637 0.465572 0.395715 0.762511 0.000000 0.274945 0.000000 0.000000 0.292671 0.267771 0.000000 0.000000 0.568171 0.338433 0.196331 0.277401 0.496823 0.586110 0.000000 0.000000 0.000000 0.627966 0.383331 0.419376 0.367302 0.328571 0.000000 0.366381 0.391328 0.638820 0.000000 0.000000 
0.000000 0.000000 0.000000 0.000000 0.000000 0.000000 0.000000 0.000000 0.000000 0.000000 0.000000 0.000000 0.000000 0.000000 0.546981 0.000000 0.000000 0.000000 0.000000 0.285886 0.000000 0.000000 0.000000 0.000000 0.000000 0.000000 0.000000 0.000000 0.000000 0.000000 0.000000 0.000000 0.000000 0.000000 0.273145 0.000000 0.000000 0.000000 0.554756 0.000000 
0.358240 0.392144 0.263856 0.000000 0.000000 0.250151 0.686470 0.424912 0.310009 0.722858 0.256767 0.741645 0.000000 0.255294 0.000000 0.295068 0.306083 0.311180 0.265269 0.000000 0.592646 0.500335 0.000000 0.383614 0.697457 0.368625 0.194646 0.627966 0.000000 0.000000 0.279547 0.295794 0.242042 0.207964 0.000000 0.230260 0.328654 0.403171 0.000000 0.281564 
0.191408 0.230198 0.410972 0.000000 0.299954 0.000000 0.262566 0.000000 0.575510 0.202781 0.285794 0.295868 0.000000 0.000000 0.000000 0.000000 0.000000 0.000000 0.000000 0.000000 0.420872 0.000000 0.426464 0.000000 0.200532 0.422454 0.000000 0.383331 0.000000 0.279547 0.000000 0.876175 0.254556 0.305548 0.291050 0.369657 0.000000 0.489526 0.000000 0.000000 
0.215857 0.259758 0.467567 0.000000 0.312697 0.000000 0.267975 0.000000 0.656466 0.213946 0.326113 0.321584 0.000000 0.000000 0.000000 0.000000 0.000000 0.000000 0.000000 0.000000 0.426517 0.000000 0.428260 0.000000 0.214904 0.480875 0.000000 0.419376 0.000000 0.295794 0.876175 0.000000 0.290479 0.346409 0.273728 0.418908 0.192593 0.554333 0.000000 0.000000 
0.474821 0.527864 0.601763 0.000000 0.245574 0.000000 0.000000 0.000000 0.442104 0.193786 0.890550 0.323859 0.232419 0.313303 0.000000 0.000000 0.255019 0.199182 0.000000 0.000000 0.218088 0.000000 0.224688 0.000000 0.226573 0.567373 0.000000 0.367302 0.000000 0.242042 0.254556 0.290479 0.000000 0.691949 0.000000 0.619559 0.446634 0.474711 0.000000 0.000000 
0.338312 0.387145 0.731111 0.000000 0.354808 0.000000 0.000000 0.000000 0.518113 0.000000 0.735226 0.271363 0.000000 0.217587 0.000000 0.000000 0.000000 0.000000 0.000000 0.000000 0.211849 0.000000 0.316266 0.000000 0.000000 0.557272 0.000000 0.328571 0.000000 0.207964 0.305548 0.346409 0.691949 0.000000 0.000000 0.826477 0.314215 0.482068 0.000000 0.000000 
0.000000 0.000000 0.000000 0.205744 0.383037 0.000000 0.000000 0.000000 0.219321 0.000000 0.000000 0.000000 0.000000 0.000000 0.000000 0.000000 0.000000 0.000000 0.000000 0.000000 0.000000 0.000000 0.510867 0.000000 0.000000 0.000000 0.000000 0.000000 0.273145 0.000000 0.291050 0.273728 0.000000 0.000000 0.000000 0.000000 0.000000 0.000000 0.000000 0.000000 
0.327114 0.382328 0.865384 0.000000 0.380605 0.000000 0.000000 0.000000 0.623018 0.000000 0.682757 0.295021 0.000000 0.203634 0.000000 0.000000 0.000000 0.000000 0.000000 0.000000 0.246363 0.000000 0.362453 0.000000 0.193912 0.624532 0.000000 0.366381 0.000000 0.230260 0.369657 0.418908 0.619559 0.826477 0.000000 0.000000 0.299765 0.556101 0.000000 0.000000 
0.891121 0.741427 0.315064 0.000000 0.000000 0.000000 0.226037 0.196609 0.271146 0.306892 0.427193 0.429312 0.465102 0.667571 0.000000 0.000000 0.570726 0.441012 0.000000 0.000000 0.227448 0.294862 0.000000 0.309270 0.376464 0.388437 0.000000 0.391328 0.000000 0.328654 0.000000 0.192593 0.446634 0.314215 0.000000 0.299765 0.000000 0.346981 0.000000 0.000000 
0.388643 0.467863 0.642113 0.000000 0.255814 0.000000 0.312458 0.000000 0.744551 0.297417 0.527390 0.495161 0.000000 0.232597 0.000000 0.000000 0.224174 0.192896 0.000000 0.000000 0.439402 0.218073 0.295833 0.000000 0.320670 0.836497 0.000000 0.638820 0.000000 0.403171 0.489526 0.554333 0.474711 0.482068 0.000000 0.556101 0.346981 0.000000 0.000000 0.000000 
0.000000 0.000000 0.000000 0.000000 0.000000 0.000000 0.000000 0.000000 0.000000 0.000000 0.000000 0.000000 0.000000 0.000000 0.956283 0.000000 0.000000 0.000000 0.000000 0.313147 0.000000 0.000000 0.000000 0.000000 0.000000 0.000000 0.000000 0.000000 0.554756 0.000000 0.000000 0.000000 0.000000 0.000000 0.000000 0.000000 0.000000 0.000000 0.000000 0.000000 
0.000000 0.000000 0.000000 0.000000 0.000000 0.837182 0.284120 0.595124 0.000000 0.389497 0.000000 0.240521 0.000000 0.000000 0.000000 0.814940 0.266270 0.347285 0.926507 0.000000 0.000000 0.545545 0.000000 0.568903 0.371221 0.000000 0.685255 0.000000 0.000000 0.281564 0.000000 0.000000 0.000000 0.000000 0.000000 0.000000 0.000000 0.000000 0.000000 0.000000 
